target,prediction_0,prediction_1,prediction_2
0,0.9946814984686286,0.005318429586259037,7.194511217309322e-08
0,0.9973773637689287,0.0026225524908031063,8.374026813552449e-08
1,0.01403630151314192,0.8267430522052701,0.15922064628158794
0,0.9745195425893804,0.025479829177688085,6.282329316722646e-07
0,0.9833966031882818,0.01660305491990671,3.4189181155023287e-07
2,0.00033410353674755616,0.181357288310856,0.8183086081523964
1,0.030016869433713254,0.7637943595279405,0.20618877103834626
0,0.9705520546007013,0.029446866064739313,1.0793345595111612e-06
0,0.9818044318059501,0.01819531841924262,2.4977480718058204e-07
0,0.9955949468870953,0.004404986210285254,6.690261947668101e-08
2,0.0013688514025504861,0.19064527836317613,0.8079858702342734
1,0.06826674637639792,0.6814886900501504,0.2502445635734517
1,0.007584917813874426,0.7700507945426611,0.22236428764346444
0,0.9843321188074697,0.015667627490316374,2.537022138531225e-07
0,0.9776084279059195,0.022390850039012675,7.220550678770757e-07
1,0.03534095648944931,0.9332246277320569,0.03143441577849378
2,0.0033704622224176536,0.5697575589018252,0.42687197887575706
2,0.0015946108151073189,0.27473427377132004,0.7236711154135725
1,0.013489741731892557,0.8261740452971118,0.16033621297099565
2,6.534744412015804e-05,0.014084246434665763,0.985850406121214
1,0.05553745443118967,0.8431928213189862,0.10126972424982413
2,2.3201183308058945e-06,0.023825118298134284,0.9761725615835348
1,0.047083172567066414,0.7069832983192569,0.24593352911367658
0,0.9703648726455163,0.029634672024369976,4.553301138603739e-07
2,2.5432134455028746e-06,0.020255214133454217,0.9797422426531004
1,0.035231983065602684,0.9315258847544489,0.033242132179948355
0,0.959711411876684,0.040287237177433044,1.350945883008923e-06
0,0.9804390715345633,0.019560054711080906,8.737543558651401e-07
0,0.9808246373110847,0.019173470269260983,1.8924196541764342e-06
1,0.03476753363962652,0.9250415855550352,0.04019088080533818
2,0.0011937035565022206,0.3237760517956509,0.6750302446478469
0,0.9680304234536642,0.0319683748417571,1.2017045786151892e-06
0,0.8860765895718714,0.1139188242794874,4.586148641157098e-06
0,0.9289524138841134,0.07103438194898637,1.3204166900335521e-05
1,0.030952501144766616,0.8482924831547743,0.12075501570045899
0,0.9639582089760904,0.03604038388807147,1.4071358380673205e-06
1,0.08578458081350429,0.8570145506817212,0.05720086850477452
2,2.8798676835052002e-05,0.0407291750956672,0.9592420262274977
0,0.975898175445258,0.024100776068363878,1.0484863781507428e-06
1,0.02066011266697858,0.885293994351956,0.09404589298106539
2,0.0006080366257512425,0.13518756691295808,0.8642043964612907
0,0.9946744291722733,0.005325463458008745,1.073697179198004e-07
2,0.007061922185875106,0.38394386971433514,0.6089942080997898
2,0.0013688514025504861,0.19064527836317613,0.8079858702342734
1,0.005636153510947943,0.9375231098396143,0.056840736649437666
1,0.06667989761524383,0.6871837467972,0.24613635558755617
2,0.0014372958862855188,0.06525961483613185,0.9333030892775828
1,0.013246720006479865,0.8318682077542684,0.15488507223925185
0,0.9785291344251738,0.021470282567752217,5.830070740256206e-07
1,0.09365234565775095,0.8849383019701973,0.021409352372051722
2,0.0003285226684058828,0.16357079491053667,0.8361006824210575
0,0.9600781060378778,0.039920693003197553,1.2009589247260136e-06
0,0.9566059807555667,0.043392666855806325,1.3523886269154419e-06
1,0.019716899034162235,0.9402118920556303,0.040071208910207406
1,0.0022314350557193488,0.41917715866183586,0.5785914062824449
0,0.941152318371115,0.05884589434448359,1.787284401295693e-06
2,0.0002052571435033522,0.04052517261718151,0.9592695702393151
0,0.96995533247645,0.030043477257730225,1.1902658196306326e-06
0,0.9563819877318787,0.04361378574832914,4.226519792143181e-06
1,0.01670154726258539,0.4189365579220153,0.5643618948153993
1,0.15609892358411454,0.8300640883686118,0.013836988047273792
2,6.68241686779685e-05,0.04644868086646758,0.9534844949648544
1,0.002314688439724638,0.40226261702762006,0.5954226945326553
2,0.0016875125507330251,0.5263389926337592,0.47197349481550777
2,3.343812450973562e-06,0.023477649299890064,0.976519006887659
1,0.02647100351882941,0.8618935289720799,0.11163546750909058
0,0.9309333529168359,0.06906392899148953,2.7180916747706856e-06
0,0.9822565582977124,0.017742999637214606,4.4206507299378755e-07
2,0.0005446207663126735,0.47174755996918016,0.5277078192645072
2,0.00021364733551534963,0.15647981141597175,0.843306541248513
0,0.963070901964054,0.03692739003680165,1.707999144337435e-06
0,0.9718587188500674,0.028140656323336743,6.248265958519113e-07
0,0.9548559751229955,0.04514258770414788,1.437172856705618e-06
1,0.001623653459172072,0.5431312188424847,0.45524512769834324
2,0.0002739936613578996,0.027352431835177177,0.9723735745034648
0,0.9830783545288708,0.01692098553172018,6.599394091024464e-07
2,0.0001368419116735716,0.09357700324180519,0.9062861548465213
2,5.142331391691e-05,0.011173455593613157,0.98877512109247
0,0.972537411467976,0.027462027125921967,5.614061020066671e-07
1,0.011108244642444032,0.7643928651823491,0.22449889017520702
1,0.0048974412434540865,0.6891674687201284,0.3059350900364176
2,0.002452186562936269,0.3787550443851386,0.6187927690519252
1,0.011897888506843023,0.7870571678997429,0.20104494359341402
2,0.00034889573224189196,0.07465428972463702,0.9249968145431211
0,0.988788291072159,0.01121135047564471,3.584521962296715e-07
2,0.00015961604989842105,0.11586677256535458,0.8839736113847471
1,0.037123075753331784,0.7889950151043672,0.17388190914230092
2,0.0008310470933906384,0.16422898518963666,0.8349399677169727
1,0.06008757070734548,0.9231173692621651,0.01679506003048933
1,0.0768547717296532,0.816244874312926,0.10690035395742085
1,0.016983040145983546,0.8034324055057603,0.17958455434825607
0,0.5248816623178584,0.4750803474551616,3.7990226980017254e-05
1,0.00918799982119456,0.8325795627620368,0.15823243741676865
1,0.02934492540839217,0.8608297453023012,0.10982532928930672
0,0.9788697492380458,0.02112998006017312,2.7070178111985935e-07
1,0.0873250334178952,0.8512183636072083,0.06145660297489664
2,2.0876096738419963e-05,0.08887682701988735,0.9111022968833742
2,0.0003850134958583784,0.10859733120936392,0.8910176552947776
0,0.9806404297473906,0.01935836865602765,1.2015965817525173e-06
1,0.15565097019036078,0.827473681320985,0.016875348488654157
2,5.188545774930656e-05,0.024987600802704447,0.9749605137395462
2,0.00023055035360820098,0.32260867033306706,0.6771607793133249
0,0.9901332364859983,0.009866601999857045,1.6151414455082994e-07
2,6.72450781119994e-05,0.027490990259109043,0.9724417646627791
0,0.9175573029022951,0.0824401415790783,2.5555186265050683e-06
1,0.0039798039245791,0.6834096883673202,0.3126105077081008
2,1.0843726810525304e-05,0.07282141469659313,0.9271677415765963
2,0.0007771658712852143,0.19889773794304455,0.8003250961856702
1,0.04499624055059879,0.8571920068843956,0.09781175256500568
2,0.0009419346336022141,0.22466460809065322,0.7743934572757446
1,0.001683859034478944,0.8134337646861831,0.1848823762793378
1,0.016290710834284027,0.8741568092342491,0.10955247993146675
2,0.0022969227382961654,0.19439085793888364,0.8033122193228203
2,0.005192739125180963,0.31764000300149825,0.6771672578733208
0,0.9129658322111563,0.08703197439817179,2.193390671868258e-06
1,0.025948395725701776,0.887414384690066,0.08663721958423229
2,0.016457618513075298,0.3908412643324456,0.5927011171544792
0,0.9835990561271339,0.0164008519394796,9.193338623100634e-08
1,0.025458303940651315,0.9061044815733938,0.06843721448595483
2,2.5828158306607244e-05,0.055840650504420976,0.9441335213372725
