target,prediction_0,prediction_1,prediction_2
0,0.9871539478752315,0.005961709741417726,0.006884342383350767
0,0.9872930211121588,0.007119571929326148,0.0055874069585148695
1,0.02277499639946842,0.9558539587622473,0.021371044838284448
0,0.9498337240398591,0.025581690813449784,0.0245845851466911
0,0.9887923709396229,0.006213351205094327,0.004994277855282735
2,0.023844889120073924,0.03268828144281895,0.943466829437107
1,0.021162201691100998,0.9387901657278397,0.04004763258105937
0,0.9580014577205557,0.0232377151204027,0.018760827159041614
0,0.9493793209447978,0.025908520575774318,0.024712158479427815
0,0.9579978735516919,0.023237628181187388,0.018764498267120653
2,0.007459501560823708,0.06495338088064616,0.9275871175585302
1,0.03913238931082242,0.7299999952260412,0.23086761546313642
1,0.006388548967954323,0.9797239088572067,0.013887542174838851
0,0.9896962658821958,0.00523288403760075,0.005070850080203462
0,0.9579978735516919,0.023237628181187388,0.018764498267120653
1,0.05251453340773627,0.9075372673612521,0.03994819923101159
2,0.028637789759275133,0.5476542721057561,0.4237079381349688
2,0.01009107116761241,0.02641769226189716,0.9634912365704904
1,0.00964330003394764,0.975959119858736,0.014397580107316453
2,0.009034996517680676,0.00852291777746125,0.9824420857048581
1,0.004152016551360616,0.9919336635135457,0.0039143199350937605
2,0.026252001979326114,0.03063353277151676,0.9431144652491572
1,0.006537598124740486,0.953558380160861,0.03990402171439836
0,0.9493793209447978,0.025908520575774318,0.024712158479427815
2,0.005521235480113306,0.005161800822304419,0.9893169636975824
1,0.02354206118859021,0.9657435372550691,0.010714401556340607
0,0.9943281059148327,0.0035049041683466974,0.0021669899168205308
0,0.9583494002684558,0.022988593680146795,0.018662006051397353
0,0.8514484994725015,0.14009692372116478,0.008454576806333644
1,0.023006927805611366,0.9600872703860599,0.0169058018083289
2,0.009481697956402434,0.07462672330578828,0.9158915787378092
0,0.7439195056645556,0.219944960931163,0.03613553340428152
0,0.9437659272784599,0.02830476658802753,0.027929306133512716
0,0.9584297056993653,0.023007460148550027,0.018562834152084758
1,0.02622358796937761,0.9395524018357584,0.03422401019486385
0,0.9945188883400091,0.003337881948961824,0.0021432297110291457
1,0.015376257540478819,0.9740224423555527,0.010601300103968429
2,0.03104180699298821,0.031089566639425407,0.9378686263675865
0,0.9955247147014749,0.002310601928724093,0.0021646833698010107
1,0.006115472487556956,0.9862422557529262,0.007642271759516778
2,0.006445079521494941,0.04983624273526305,0.9437186777432419
0,0.9527651324374857,0.02834094486225909,0.01889392270025537
2,0.033451739855547315,0.08189722133425284,0.8846510388101998
2,0.007459501560823708,0.06495338088064616,0.9275871175585302
1,0.05095110640637047,0.9036955037331805,0.04535338986044904
1,0.011677958736110676,0.919793465534932,0.0685285757289571
2,0.009906589769029089,0.011620460241302574,0.9784729499896684
1,0.03662116064941411,0.9244071002167122,0.038971739133873765
0,0.9903297963426562,0.004842136707848765,0.004828066949495105
1,0.1173017589170263,0.8454816225289492,0.03721661855402443
2,0.0027196055318641573,0.0035235305946593547,0.9937568638734765
0,0.9879237206180596,0.006009219755129806,0.006067059626810712
0,0.9879618606927257,0.009724141943649301,0.0023139973636249005
1,0.010251301289197181,0.9790907182584453,0.010657980452357472
1,0.03080973844857874,0.18189405525159094,0.7872962062998302
0,0.9880764697876568,0.006580801932011811,0.005342728280331392
2,0.0075504994064587525,0.05354682412690006,0.9389026764666412
0,0.9944292939431054,0.0034275551981153346,0.0021431508587793076
0,0.6716453445872428,0.26841887422891564,0.0599357811838416
1,0.037975298240980115,0.08151393280372998,0.88051076895529
1,0.036833623117418,0.922108566572044,0.041057810310537936
2,0.0066909574603703295,0.009374654520682344,0.9839343880189472
1,0.027647767003243947,0.03995086023292069,0.9324013727638354
2,0.060158079839180215,0.6147143639695846,0.3251275561912352
2,0.002608795371990723,0.004693854045511939,0.9926973505824973
1,0.0071092142893484775,0.9841612049584078,0.008729580752243619
0,0.9721212198142789,0.014509386989281708,0.013369393196439427
0,0.9926068757763812,0.0038632025960495552,0.0035299216275693347
2,0.021778017540930488,0.8983161928954121,0.07990578956365735
2,0.008477185529123776,0.029147882402028237,0.9623749320688479
0,0.9592821481999435,0.019147122780788582,0.021570729019267886
0,0.9897706691126761,0.005204880425401284,0.005024450461922678
0,0.9721367951794123,0.014509619459261392,0.013353585361326336
1,0.011205004932130757,0.18760872319581984,0.8011862718720493
2,0.020691814861153384,0.01823077324446752,0.9610774118943791
0,0.9870610059158161,0.006041576580443875,0.006897417503740019
2,0.0069828642503763725,0.009805376335147591,0.983211759414476
2,0.020691814861153384,0.01823077324446752,0.9610774118943791
0,0.9887923709396229,0.006213351205094327,0.004994277855282735
1,0.040796061976224575,0.9200293125204448,0.039174625503330535
1,0.03502298294368254,0.8901813022413539,0.07479571481496351
2,0.015628053938655274,0.15128197405327537,0.8330899720080693
1,0.012971726338219428,0.9693937634331238,0.017634510228657
2,0.007308291193653729,0.012291365440952138,0.9804003433653942
0,0.9581118947791645,0.023240393931469223,0.01864771128936625
2,0.026252001979326114,0.03063353277151676,0.9431144652491572
1,0.005930116910012064,0.9719620258217135,0.022107857268274474
2,0.010855905961244774,0.06324054337237532,0.9259035506663799
1,0.014629442946625972,0.9787187322527273,0.006651824800646817
1,0.03383906829340568,0.9328217541943619,0.033339177512232476
1,0.04284975936757491,0.916154189915035,0.04099605071739002
0,0.9687683158734902,0.015984133400899516,0.015247550725610152
1,0.011650610039921004,0.970755441658959,0.01759394830111999
1,0.008250140399184305,0.9844075367546649,0.007342322846150849
0,0.9899268898768747,0.005122601472332889,0.0049505086507923984
1,0.0063157996729296725,0.9866645250986731,0.00701967522839745
2,0.027152374594651627,0.0587160840082546,0.9141315413970938
2,0.006698650596218394,0.008235652307255483,0.9850656970965261
0,0.9938928946950468,0.0037256154281518515,0.0023814898768012333
1,0.1873023990945657,0.759725788020723,0.052971812884711374
2,0.006698650596218394,0.008235652307255483,0.9850656970965261
2,0.03474113245618051,0.0751265140633704,0.8901323534804491
0,0.9871539478752315,0.005961709741417726,0.006884342383350767
2,0.007163511554922151,0.010046292376284535,0.9827901960687934
0,0.9436655680165295,0.02848038534573378,0.027854046637736968
1,0.01000035669489621,0.8906451859584178,0.09935445734668596
2,0.0233054045163479,0.02676967627253837,0.9499249192111138
2,0.02100355630755679,0.022048998830130298,0.956947444862313
1,0.0037423030872571427,0.992725322607586,0.0035323743051567016
2,0.02108367109891,0.021548499882293362,0.9573678290187967
1,0.008795815943834762,0.9738404949660275,0.017363689090137722
1,0.01399273564268594,0.956301096509181,0.029706167848133024
2,0.01013860501091923,0.059394505960205214,0.9304668890288755
2,0.02922208472172314,0.047261071835627826,0.9235168434426491
0,0.9486324836380277,0.026184263499219627,0.025183252862752744
1,0.02277887223310041,0.9536437456785991,0.02357738208830038
2,0.046163563528185875,0.8579253312078604,0.09591110526395373
0,0.9891781984513751,0.005713782562773761,0.005108018985851138
1,0.007496338883890988,0.9858042906696597,0.006699370446449425
2,0.026252001979326114,0.03063353277151676,0.9431144652491572
