target,prediction_0,prediction_1,prediction_2
0,0.9999975849639884,6.941702852608711e-07,1.7208657265147477e-06
0,0.999999434644489,8.97693407419078e-08,4.7558617026611236e-07
1,0.1011273569480287,0.19955193815231934,0.6993207048996519
0,0.9999999999988296,1.6931300555489186e-14,1.153588928760636e-12
0,0.9999996506480285,8.835269090618977e-09,3.4051670234190457e-07
2,0.07053636820366951,0.17315171846608407,0.7563119133302464
1,0.17041097241820155,0.19108708541201103,0.6385019421697874
0,0.9999998255364213,6.020828344680172e-09,1.6844275028987637e-07
0,0.999999999999966,2.0953971944374878e-16,3.37397656132198e-14
0,0.9999999994206059,4.523908349457046e-12,5.748702449444594e-10
2,0.012574501700136687,0.7049780779559565,0.28244742034390685
1,0.1085892435264452,0.1898608790679671,0.7015498774055877
1,0.04203604924422309,0.32183507553394114,0.6361288752218358
0,0.9999999986320116,5.481165492582679e-12,1.362507269062243e-09
0,0.9999999515288912,1.1773176583874328e-09,4.7293791120947506e-08
1,0.003585421843565002,0.9511304195565523,0.04528415859988281
2,0.046704509897343816,0.3982976483646592,0.5549978417379969
2,0.02920316604676278,0.23522254853478808,0.735574285418449
1,0.1626465181978559,0.18563643925419987,0.6517170425479443
2,0.029518667012652117,0.007232717261762038,0.9632486157255858
1,0.043758760839190926,0.7701187980411363,0.1861224411196728
2,0.00015650911445746395,0.04422789340282301,0.9556155974827196
1,0.050934267618647125,0.7284513084208823,0.22061442396047048
0,0.9999999999997105,2.7469359724115087e-15,2.869079411908698e-13
2,0.03936498002349749,0.017354706623942947,0.9432803133525596
1,0.19606194541234065,0.4580170941333317,0.3459209604543276
0,0.9999999999970381,5.75821181041191e-14,2.904361776926736e-12
0,0.9999998868197809,3.6256706060433805e-09,1.0955454844642525e-07
0,0.9999999999998046,1.5310051100898413e-15,1.9387323081265966e-13
1,0.008319150290870022,0.7367262955849925,0.2549545541241375
2,0.018278105900170403,0.5611580262802781,0.4205638678195515
0,0.9999999999960232,6.828211004035503e-14,3.9085398435393565e-12
0,0.9999999970212059,2.164443373837759e-10,2.762349735117334e-09
0,0.9999923798098147,6.161438458451376e-07,7.004046339519109e-06
1,0.01268087623704198,0.8772818932930262,0.11003723046993187
0,0.9999999999969162,6.224969478819035e-14,3.021659917925261e-12
1,0.2106402211166947,0.4045474537751933,0.3848123251081121
2,9.91742214319593e-05,0.018426045464441966,0.981474780314126
0,0.9999999999885212,5.029292674993603e-13,1.0975944562846043e-11
1,0.076194115223316,0.5014081335623869,0.422397751214297
2,0.005287652056515236,0.8205219927480254,0.17419035519545947
0,0.9999999990607844,7.103513912313136e-12,9.321121072909124e-10
2,0.10903219058483367,0.21374478548428832,0.6772230239308781
2,0.012574501700136687,0.7049780779559565,0.28244742034390685
1,0.0022717336914235813,0.9555936550622006,0.042134611246375714
1,0.04432903518076225,0.757471045289777,0.19819991952946062
2,0.10115565822304236,0.052700350820817095,0.8461439909561405
1,0.0020381442877944168,0.959677595662903,0.03828426004930238
0,0.9999999961776116,1.9248311967649806e-11,3.803140078260429e-09
1,0.001453161993825985,0.9743755927035482,0.024171245302625786
2,0.01474350267856123,0.4378268828959612,0.5474296144254776
0,0.9999184819130594,3.12737219600753e-05,5.024436498046353e-05
0,0.9999999999795839,8.444646396834242e-13,1.957167689657026e-11
1,0.15079660737352077,0.5506342126876479,0.29856917993883125
1,0.06755193421535435,0.10968587218321153,0.8227621936014341
0,0.9999956171892421,2.069099550775326e-07,4.175900802630233e-06
2,0.008380813581505981,0.3411014413224864,0.6505177450960077
0,0.9999999999978173,4.358882903497458e-14,2.1391838311092595e-12
0,0.9999999999780742,4.356027202306444e-13,2.1490163345133655e-11
1,0.10176435874219153,0.19939071911501655,0.6988449221427919
1,0.09453718419876678,0.5302927199569676,0.37517009584426564
2,0.005053646016889318,0.044040074559955796,0.9509062794231549
1,0.006994405466451398,0.6060575834133883,0.38694801112016036
2,0.10097293272307459,0.32372043826420727,0.5753066290127181
2,0.0004669865485019974,0.03674090770375818,0.9627921057477399
1,0.03726148188336313,0.6446760221618297,0.31806249595480723
0,0.9991937007213253,0.0005182978549970876,0.00028800142367753963
0,0.9999999999861326,1.0059868023617489e-12,1.2861311488679076e-11
2,0.14584668678601856,0.35886065305123477,0.49529266016274653
2,0.003395886918934144,0.18656694376386904,0.8100371693171968
0,0.9999968732480125,2.492352244813927e-07,2.8775167631246404e-06
0,0.9999999508060946,5.950872156449684e-10,4.8598818222565595e-08
0,0.9996824001984457,0.00018882949898096224,0.0001287703025735446
1,0.013420498737773486,0.8124092341050828,0.17417026715714357
2,0.02144565888901291,0.015270174886810636,0.9632841662241763
0,0.9999728454729884,1.0073866600713908e-05,1.7080660411059758e-05
2,0.01033047774546291,0.09573979014045601,0.893929732114081
2,0.01791840604631597,0.013283202161744433,0.9687983917919397
0,0.9999994413515482,1.551124188301487e-08,5.431372100585483e-07
1,0.022693464517131567,0.6600217642088111,0.31728477127405735
1,0.10750871111702867,0.2258205605559382,0.6666707283270331
2,0.14414717273724068,0.17044652565173726,0.685406301611022
1,0.12748349233490797,0.11085101360699795,0.761665494058094
2,0.013401861517670224,0.09351189472109332,0.8930862437612364
0,0.9999999898702975,1.6723291367883794e-10,9.962469603776635e-09
2,0.0010916396834196017,0.10915176532093308,0.8897565949956473
1,0.059041925275374364,0.6645169789807648,0.2764410957438608
2,0.11267644365640443,0.08997073761720718,0.7973528187263883
1,0.05231591239091801,0.628301091681537,0.3193829959275451
1,0.10392650400040647,0.5278001703553578,0.36827332564423576
1,0.03148649079046253,0.6456223773204216,0.32289113188911595
0,0.8541077209082979,0.12189514832645854,0.02399713076524362
1,0.16423191085962832,0.20119392292234242,0.6345741662180292
1,0.04905602796256539,0.6188338341308196,0.33211013790661503
0,0.9999999947968636,3.1787285090381435e-11,5.171349096251866e-09
1,0.10065906647941393,0.5595441265138436,0.3397968070067425
2,0.0008523506516305373,0.15368296041786922,0.8454646889305002
2,0.009772448019860039,0.07985361222878204,0.9103739397513578
0,0.9999999999998002,1.842883817789274e-15,1.9803463869463179e-13
1,0.002068836280481297,0.9626451747534628,0.03528598896605585
2,0.0045546569786239005,0.03450903600120529,0.9609363070201707
2,0.0026834919586365114,0.2754523942373518,0.7218641138040116
0,0.9999948749370017,1.4132552818904622e-06,3.7118077164146974e-06
2,0.06343934250017243,0.03561466219719688,0.9009459953026308
0,0.999999999111854,5.620547847745767e-11,8.319404935023995e-10
1,0.019005076097009972,0.4751422900793764,0.5058526338236136
2,0.0006173806705946677,0.1254359929251393,0.8739466264042661
2,0.07754639453505258,0.14128456943683204,0.7811690360281155
1,0.02833476476127294,0.8188013242080747,0.1528639110306523
2,0.062036936884052304,0.10322889700487174,0.8347341661110759
1,0.1699119473528813,0.3334871947347849,0.4966008579123339
1,0.17820545629316062,0.24290023482722686,0.5788943088796126
2,0.03634381769475292,0.40315680813805377,0.5604993741671933
2,0.10787742416312078,0.22440588629187858,0.6677166895450007
0,0.9999999999795912,3.984966054299571e-13,2.001016807028628e-11
1,0.1442349051736252,0.39792360688502487,0.45784148794134993
2,0.002258846322956983,0.9426476158124671,0.05509353786457585
0,0.9999999994132127,1.7405902082427161e-12,5.85046683419738e-10
1,0.0529827337351025,0.6204410191680979,0.32657624709679967
2,0.0005535626285626017,0.08557179286594054,0.9138746445054968
