target,prediction_0,prediction_1,prediction_2
0,0.9946845951928484,0.0032300432265078226,0.002085361580643878
0,0.9862638831315004,0.009925362981139557,0.0038107538873601364
1,0.014208025076078686,0.97202736909145,0.013764605832471157
0,0.9671936569006517,0.018003265108417342,0.014803077990930821
0,0.9929719557168161,0.004310925461516378,0.002717118821667497
2,0.022612936704383396,0.03490381701524653,0.9424832462803701
1,0.0397777174263992,0.9345901622011406,0.02563212037246014
0,0.9880120899461173,0.0073699788795988635,0.004617931174283802
0,0.9720407599129346,0.015124828292523321,0.01283441179454195
0,0.9850895420757347,0.009176241500083377,0.005734216424181966
2,0.011807774455210963,0.027978722026244976,0.960213503518544
1,0.06837514391140766,0.6923650953704952,0.23925976071809718
1,0.012565002314224416,0.9719012765224747,0.015533721163300892
0,0.9873062653109572,0.00878385065873447,0.003909884030308318
0,0.9847131983809602,0.009727033951235328,0.0055597676678046
1,0.05264747089456925,0.9067314097257265,0.040621119379704286
2,0.01860786243826172,0.7891869171829466,0.19220522037879165
2,0.006738151393960697,0.012128575594924659,0.9811332730111145
1,0.008472573471255018,0.9853443711770151,0.0061830553517299176
2,0.007012875472365427,0.007713816735936924,0.9852733077916977
1,0.012068279438375743,0.9835199450961014,0.0044117754655228795
2,0.029951750352736985,0.045922200715749165,0.9241260489315138
1,0.009496913633639893,0.970109612107998,0.02039347425836208
0,0.972329787235962,0.015257922366464305,0.012412290397573706
2,0.007735153324264276,0.010570103704823293,0.9816947429709123
1,0.007842434252966553,0.9867529773502126,0.0054045883968207
0,0.9966265516796787,0.0021605173332028406,0.0012129309871184491
0,0.9846422740480117,0.009751306092462912,0.005606419859525245
0,0.9892370525592893,0.00785214598291454,0.002910801457796266
1,0.04251736416670115,0.9336667454436157,0.023815890389683188
2,0.010472078216504324,0.040931426826706654,0.9485964949567891
0,0.9339141988851831,0.044546608690853265,0.021539192423963436
0,0.9476360129407961,0.030878573046611374,0.021485414012592317
0,0.9709968648935806,0.02146248211747307,0.007540652988946078
1,0.017923718784246534,0.9571977090118378,0.024878572203915848
0,0.9966822168541746,0.002114293552692661,0.0012034895931327054
1,0.022169452165881537,0.9715159249755673,0.0063146228585510686
2,0.03198968713456404,0.04801746967116815,0.9199928431942678
0,0.9959518453764408,0.0024490067258412128,0.001599147897718016
1,0.00505300855109699,0.9904715017941128,0.004475489654790307
2,0.016209255878398634,0.02270120569218477,0.9610895384294165
0,0.9779513511232005,0.014341594936142723,0.007707053940656678
2,0.025825543149647533,0.06904322523054789,0.9051312316198046
2,0.011807774455210963,0.027978722026244976,0.960213503518544
1,0.05273003866999166,0.9022384379570104,0.04503152337299801
1,0.017877016144889343,0.9586081795478729,0.023514804307237694
2,0.008740383141124611,0.011733018827327232,0.9795265980315481
1,0.023592859434676833,0.9466738832335161,0.029733257331806973
0,0.9822744371550759,0.013047131208662813,0.004678431636261358
1,0.08036029605055567,0.8706852355583682,0.04895446839107607
2,0.004992284380214326,0.00900228315982191,0.9860054324599637
0,0.9952769222864553,0.002977477857194377,0.001745599856350273
0,0.9954447769059798,0.003006460637357447,0.0015487624566628694
1,0.007053141673641115,0.9883157701479856,0.004631088178373227
1,0.020391908978222358,0.051799109523159574,0.9278089814986181
0,0.9896610789823334,0.007144661520719073,0.0031942594969475917
2,0.012426908372228148,0.024558631026608293,0.9630144606011637
0,0.9967375402763423,0.0020790516242179375,0.0011834080994397916
0,0.9265721420636212,0.048252772923091776,0.02517508501328691
1,0.035074141225255234,0.07394590702315454,0.8909799517515902
1,0.03893890014259557,0.9463349945334156,0.014726105323988771
2,0.0077084138208954114,0.01032860734042046,0.981962978838684
1,0.05464635617579532,0.22956932778662925,0.7157843160375755
2,0.07872484093535449,0.5083847143035497,0.4128904447610959
2,0.003041605530291658,0.0035294176526466186,0.9934289768170617
1,0.009669997717363883,0.9842643291239163,0.006065673158719941
0,0.9200518038928609,0.06987903084969328,0.010069165257445823
0,0.985270314482692,0.01076373809388799,0.003965947423420066
2,0.03169826161401388,0.8516245364750434,0.11667720191094264
2,0.004968855720414695,0.00955227972490793,0.9854788645546774
0,0.9884521399162916,0.0064266516468022995,0.005121208436906183
0,0.9941539789635165,0.003847123502406285,0.001998897534077052
0,0.9522360052567538,0.04032617549881947,0.007437819244426829
1,0.026958336886295585,0.26288890048196334,0.7101527626317411
2,0.009145268390957282,0.009912354032969375,0.9809423775760733
0,0.9946845951928484,0.0032300432265078226,0.002085361580643878
2,0.004703545997258081,0.007730430268845369,0.9875660237338967
2,0.013759941478366497,0.014246194657849993,0.9719938638637835
0,0.9928554421647557,0.004788733429976617,0.00235582440526753
1,0.02177401508786546,0.9332851439745887,0.04494084093754592
1,0.014692966502910229,0.9493980976720958,0.035908935824993805
2,0.019702796470597094,0.05956619887905714,0.9207310046503457
1,0.05410178451673965,0.9057404541060772,0.04015776137718321
2,0.011304685057463463,0.02041741125355963,0.9682779036889768
0,0.9880120899461173,0.0073699788795988635,0.004617931174283802
2,0.016331673796494986,0.025997607979279115,0.957670718224226
1,0.012823209244174774,0.9715045184628612,0.015672272292964112
2,0.0049475220578305236,0.011786504669876626,0.9832659732722929
1,0.019865530508843984,0.9713156092727867,0.00881886021836925
1,0.015316814287180281,0.9713248643851162,0.01335832132770358
1,0.024624266860230105,0.9355290178633838,0.03984671527638603
0,0.5210258492122498,0.44258271661634535,0.036391434171404925
1,0.01024180161351012,0.9801415552700606,0.009616643116429291
1,0.012725349600218523,0.9778556299979334,0.009419020401847904
0,0.9941539789635165,0.003847123502406285,0.001998897534077052
1,0.0106790817046774,0.9841493807053417,0.005171537589980882
2,0.029569782210251305,0.04754104470523523,0.9228891730845136
2,0.007740274840516138,0.011322505503779015,0.9809372196557049
0,0.994746177217003,0.003403069315891727,0.001850753467105359
1,0.02929469976890496,0.9587472036744575,0.011958096556637514
2,0.00869716370663863,0.011322912328038762,0.9799799239653227
2,0.07923885900796158,0.3246209517181274,0.596140189273911
0,0.9953295616292923,0.002835712550597383,0.0018347258201101347
2,0.004680514942299517,0.005922230029311117,0.9893972550283894
0,0.9578650830941874,0.023394982370336475,0.018739934535476066
1,0.02965588828106834,0.7359283271692999,0.2344157845496316
2,0.02637584650186118,0.03560032531882044,0.9380238281793184
2,0.008108986348585635,0.011403458170940994,0.9804875554804734
1,0.007202992804337194,0.9890827414734714,0.0037142657221913406
2,0.006691505214085266,0.008937363770142807,0.984371131015772
1,0.006797805070668479,0.9855752023296216,0.007626992599709868
1,0.007722630525474787,0.9866217889430805,0.00565558053144466
2,0.01223905498225862,0.036676974914910766,0.9510839701028306
2,0.014693162751217159,0.02495131158775789,0.960355525661025
0,0.9597478725678692,0.025062639585508018,0.015189487846622697
1,0.010400502711609094,0.9802607531440474,0.009338744144343415
2,0.09046146631360912,0.7251641377177219,0.18437439596866914
0,0.9871117853039655,0.009018796587040101,0.0038694181089944063
1,0.00931192747100674,0.9838467985032442,0.006841274025749122
2,0.022376685115889656,0.034902061248783235,0.942721253635327
