target,prediction_0,prediction_1,prediction_2
0,0.9963809010764088,0.002145098184596803,0.001474000738994566
0,0.99435802438766,0.0032882450308954593,0.0023537305814444903
1,0.008078262988442672,0.987013289928146,0.004908447083411381
0,0.9863607975712435,0.007651865369215463,0.005987337059541133
0,0.991311496787177,0.005384635266318242,0.0033038679465046046
2,0.00998753950218824,0.013388130731022843,0.9766243297667889
1,0.004448566890094573,0.9920257479246207,0.0035256851852846862
0,0.9953076830128509,0.002697405629647867,0.001994911357501289
0,0.9906826173344705,0.0048953053989845025,0.004422077266545109
0,0.9926641120904452,0.004224745505034157,0.0031111424045204925
2,0.008707335303073868,0.01080768698710884,0.9804849777098174
1,0.02009550752461179,0.9616080236986436,0.018296468776744554
1,0.0054196618527332955,0.990696574435283,0.003883763711983512
0,0.9904113491039012,0.005930124567161379,0.003658526328937462
0,0.993834488778371,0.0035536857532381797,0.002611825468390904
1,0.011971824367774544,0.977452647381415,0.010575528250810387
2,0.04167237775056234,0.6401305071153847,0.318197115134053
2,0.01636493015714282,0.04559258312627633,0.9380424867165809
1,0.003620346028508036,0.9933904262393218,0.0029892277321702247
2,0.005769205802732323,0.0057429137673024825,0.9884878804299653
1,0.003278820837890146,0.9947037852882973,0.002017393873812595
2,0.010587341892701174,0.011837653941276558,0.9775750041660222
1,0.010016716677134014,0.9711897000359929,0.018793583286873028
0,0.9899407579734705,0.00528507452895972,0.0047741674975697234
2,0.005048407482030098,0.005999649875713416,0.9889519426422564
1,0.007171203371470875,0.9891866501189154,0.0036421465096136965
0,0.9959974110377877,0.0024093063335023125,0.0015932826287098248
0,0.9946053895076196,0.0031186952687093316,0.0022759152236710113
0,0.9907419009098658,0.006455652689867771,0.0028024464002665097
1,0.009567816430796171,0.9850680313058865,0.005364152263317185
2,0.012110050920913351,0.02016917575847457,0.9677207733206121
0,0.931457104496261,0.04772669329893474,0.020816202204804457
0,0.9775487729314404,0.01384094960955763,0.008610277459002167
0,0.9876716473877409,0.007983631331930491,0.004344721280328723
1,0.008761153412365982,0.9838327610159849,0.007406085571649046
0,0.9962801106179731,0.002264778833727662,0.0014551105482993867
1,0.005840712679501912,0.9913236496718504,0.002835637648647734
2,0.020980271274812307,0.02961749121209599,0.9494022375130916
0,0.9958594110448756,0.0025519156209910247,0.0015886733341332908
1,0.004166796977141953,0.9929235132540486,0.0029096897688094666
2,0.009372824870176535,0.010940964340078064,0.9796862107897454
0,0.991730800542902,0.004750940450753173,0.00351825900634485
2,0.027757739907916287,0.11120211167505846,0.8610401484170253
2,0.008707335303073868,0.01080768698710884,0.9804849777098174
1,0.014101310418818023,0.9745957366709652,0.011302952910216903
1,0.01160983895354616,0.9655743397188739,0.022815821327579904
2,0.006049551489021797,0.006547145380069008,0.9874033031309092
1,0.014110079251639578,0.9716416570548356,0.014248263693524723
0,0.990742302647756,0.005745954354541425,0.0035117429977027273
1,0.024136828684145538,0.9594475608604307,0.016415610455423717
2,0.004576114951018664,0.006271546287764387,0.989152338761217
0,0.9965243825270066,0.0020810813233385892,0.001394536149654898
0,0.9956983705955829,0.002654350448326364,0.0016472789560905744
1,0.0022087417146328314,0.9960863833340311,0.0017048749513359105
1,0.05750449541342459,0.27704177643139005,0.6654537281551854
0,0.9925533703599779,0.004724021347494734,0.002722608292527318
2,0.0069537655944516595,0.007539534736319483,0.9855066996692289
0,0.9962801106179731,0.002264778833727662,0.0014551105482993867
0,0.9661269132933904,0.0193820825359416,0.014491004170667779
1,0.030208159249161606,0.09756574771396476,0.8722260930368736
1,0.01913951373533309,0.9743042340910375,0.006556252173629358
2,0.004951949385046044,0.00623475251807681,0.9888132980968772
1,0.022635212931845176,0.04362461664396827,0.9337401704241867
2,0.06142952314075498,0.21196165685841378,0.7266088200008313
2,0.008024667930342162,0.009118335397698338,0.9828569966719595
1,0.005104201544018087,0.9912536321748576,0.003642166281124291
0,0.9882635546816815,0.00841806590853895,0.0033183794097794025
0,0.9935614166966154,0.003967745326078973,0.002470837977305828
2,0.07435759936101437,0.5629352504365224,0.3627071502024633
2,0.014387375249231492,0.020619731449946683,0.9649928933008219
0,0.994218287398058,0.0034810882606093516,0.0023006243413327106
0,0.9936360874199248,0.003934507163437259,0.0024294054166379355
0,0.9944097833716778,0.0035384636147848345,0.0020517530135373387
1,0.03446287376781012,0.16258915013515268,0.802947976097037
2,0.005037225506804732,0.0052784291599659704,0.9896843453332292
0,0.996292433429419,0.0021930642527539152,0.001514502317827077
2,0.004997750498049353,0.0063961392617287215,0.9886061102402219
2,0.0064157188327116635,0.007022780694200709,0.9865615004730877
0,0.9915381771382166,0.005252890247197936,0.0032089326145853486
1,0.010575804526947117,0.9788757720701262,0.010548423402926704
1,0.005242747667506769,0.9879198986460388,0.006837353686454312
2,0.0237358429581129,0.07459704509349956,0.9016671119483876
1,0.018199362575442097,0.9659987648609437,0.015801872563614313
2,0.006859376756259243,0.009371466703201568,0.9837691565405392
0,0.9934275400286041,0.0038956107525225923,0.0026768492188733806
2,0.0176982267741441,0.02322998806281098,0.9590717851630449
1,0.0038176327344321068,0.9937520453090029,0.0024303219565650442
2,0.004161699982000178,0.005407818830475764,0.9904304811875241
1,0.04102534261778202,0.9503024123409224,0.008672245041295568
1,0.01784791594829244,0.9662642733165562,0.0158878107351513
1,0.008118283634721892,0.9839921529646474,0.007889563400630782
0,0.9757226128740362,0.01703964754944975,0.007237739576514018
1,0.005112780326054822,0.9904991995751383,0.004388020098806912
1,0.00985150850902474,0.9763625177199533,0.013785973771021757
0,0.9936708670269151,0.0038325425055651063,0.002496590467519813
1,0.00551315358619121,0.9911602033305594,0.0033266430832493686
2,0.012075672481029231,0.01430211073472358,0.9736222167842472
2,0.007139003501436322,0.01033817374296974,0.9825228227555939
0,0.9958899445978933,0.002500329011726165,0.0016097263903805867
1,0.008255448589961899,0.9869063486684571,0.004838202741580983
2,0.00629308907667023,0.007766884152283594,0.9859400267710461
2,0.053629097668365364,0.08014603605006987,0.8662248662815647
0,0.9956514951991071,0.0025471549148511643,0.0018013498860416164
2,0.0027435999049019583,0.0030738612077571364,0.9941825388873409
0,0.9883543201123381,0.006308644287800173,0.0053370355998616685
1,0.007255214842341212,0.9820815994484073,0.010663185709251522
2,0.0138938221605268,0.015424516221956418,0.9706816616175168
2,0.007953782996429593,0.011757755294648443,0.9802884617089219
1,0.0029779217236886335,0.9951818078450303,0.001840270431281132
2,0.009584201184421208,0.01792642291052439,0.9724893759050544
1,0.008552116698879285,0.9804187488959925,0.01102913440512816
1,0.0038154222969451557,0.993401825082918,0.0027827526201368268
2,0.010597957169613363,0.01598952564551375,0.9734125171848729
2,0.012909455097467853,0.03465316588766774,0.9524373790148645
0,0.9827039186895604,0.009911141523616197,0.0073849397868232716
1,0.0060713447937722495,0.9905045303965364,0.003424124809691473
2,0.08248699837081032,0.29569305735140505,0.6218199442777846
0,0.9908121231904977,0.005517734720174446,0.0036701420893279625
1,0.004077772602337868,0.9932818720382781,0.0026403553593841527
2,0.010675915868891757,0.011878229304232149,0.9774458548268762
